0 
0 
0 
0 
0 
0 
0 
0 
0 
0 
0 
0 
0 
0 
0 
0 
0 
0 
0 
0 
0 
0 
0 
0 
0 
0 
0 
0 
0 
0 
0 
0 
0 
0 
0 
0 
0 
0 
0 
0 
0 
0 
0 
0 
0 
0 
0 
0 
0 
0 
0 
0 
0 
0 
0 
0 
0 
0 
0 
0 
0 
0 
0 
0 
0 
0 
0 
0 
0 
0 
0 
0 
0 
0 
0 
0 
0 
0 
0 
0 
0 
0 
0 
0 
0 
0 
0 
0 
0 
0 
0 
0 
0 
0 
0 
0 
0 
0 
0 
0 
0 
0 
0 
0 
0 
0 
0 
0 
0 
0 
0 
0 
0 
0 
0 
0 
0 
0 
0 
0 
0 
0 
0 
0 
0 
0 
0 
0 
0 
0 
0 
0 
0 
0 
0 
0 
0 
0 
0 
0 
0 
0 
0 
0 
0 
0 
0 
0 
0 
0 
0 
0 
0 
0 
0 
0 
0 
0 
0 
0 
0 
0 
0 
0 
0 
0 
0 
0 
0 
0 
0 
0 
0 
0 
0 
0 
0 
0 
0 
0 
0 
0 
0 
0 
0 
0 
0 
0 
0 
0 
0 
0 
0 
0 
0 
0 
0 
0 
0 
0 
0 
2 
3 
0 
0 
0 
0 
0 
0 
0 
0 
0 
0 
0 
0 
0 
0 
0 
0 
0 
0 
0 
0 
0 
0 
0 
0 
0 
0 
0 
0 
0 
0 
0 
0 
0 
0 
0 
0 
0 
0 
0 
0 
0 
0 
0 
0 
0 
0 
0 
0 
0 
0 
0 
0 
0 
0 
0 
0 
0 
0 
0 
0 
0 
0 
0 
0 
0 
0 
0 
0 
0 
0 
0 
0 
0 
0 
0 
0 
0 
0 
0 
0 
0 
0 
0 
0 
0 
0 
0 
0 
0 
0 
0 
0 
0 
0 
0 
0 
0 
0 
0 
0 
0 
0 
0 
0 
0 
0 
0 
0 
0 
0 
0 
0 
0 
0 
0 
0 
0 
0 
0 
0 
0 
0 
0 
0 
0 
0 
0 
0 
0 
0 
0 
0 
0 
0 
0 
0 
0 
0 
0 
0 
0 
0 
0 
0 
0 
0 
0 
0 
0 
0 
0 
0 
0 
0 
0 
0 
0 
0 
0 
0 
0 
0 
0 
0 
0 
0 
0 
0 
0 
0 
0 
0 
0 
0 
0 
0 
0 
0 
0 
0 
0 
0 
0 
0 
0 
0 
0 
0 
0 
0 
0 
0 
0 
0 
0 
0 
0 
0 
0 
0 
-20816892 
-98114292 
-7913859 
-132687008 
91210297 
-63413167 
-96345298 
-72758900 
133101515 
-103923505 
67147087 
38435760 
134127241 
-44413699 
57962644 
25904094 
-32198419 
7035154 
128240046 
62178952 
22417593 
-110893447 
-38794639 
8219395 
-100884859 
-133491158 
-2363857 
-906583 
63873150 
42657661 
-43784761 
-108896724 
-34317868 
87373543 
-123230336 
115715127 
9266926 
56674530 
119831416 
-64603062 
37748627 
128197008 
-124281398 
-101185577 
-87387023 
-103332225 
72686583 
-6356054 
11098204 
-35117751 
65523260 
127204476 
105664896 
-59059543 
60575574 
-82006663 
130069322 
-63252539 
-81031363 
-121061841 
54378088 
-90186481 
90819503 
79392168 
-48469922 
67613770 
97348721 
25859742 
27694388 
-7500320 
106772365 
32125484 
109317277 
123219782 
-24654446 
97056293 
-57143649 
48749226 
63237404 
95088672 
-109380320 
-109037458 
16293299 
37320754 
-83740548 
-20308739 
120922449 
18773367 
112323768 
-80991342 
14704395 
-92287045 
-48308622 
94238815 
102585597 
-4799053 
-127062765 
128594536 
114512352 
-73104904 
-45041038 
-16749552 
79065395 
96600839 
72671294 
5115077 
69756410 
-130083139 
99457273 
30806728 
-43305332 
-104195097 
65913597 
-23296364 
105324617 
127442929 
86816831 
-84656368 
-111663989 
-104404756 
31831508 
307153 
62058364 
-125254630 
-83737194 
36061938 
-34251643 
126685799 
-21802753 
-24481855 
45007417 
-11449783 
31707426 
62338324 
16628238 
29491752 
-132405884 
-15778940 
17572168 
56439769 
-67700327 
58485808 
-39654904 
45260157 
-58615897 
730627 
-68375628 
-16996346 
-42269524 
124760782 
105128789 
57389305 
53457226 
2136022 
-70224081 
54569064 
-101678320 
-47417391 
40762199 
43000452 
80352699 
-10952758 
63711671 
13024162 
122209952 
-85437738 
-90816443 
-27966950 
-10054866 
122190683 
127581191 
-5341241 
-112798376 
-111117093 
-39518679 
-81135874 
1467871 
-25548791 
98193810 
2195606 
125895738 
121412712 
-62879725 
10842250 
-41963032 
-92745694 
27807955 
22186763 
36080681 
12326501 
-60653871 
108235759 
-68671397 
112289833 
-114465975 
47258876 
-20579749 
129445423 
-80140253 
91873854 
83137741 
0 
0 
0 
0 
0 
0 
0 
0 
0 
0 
0 
0 
0 
0 
0 
0 
0 
0 
0 
0 
0 
0 
0 
0 
0 
0 
0 
0 
0 
0 
0 
0 
0 
0 
0 
0 
0 
0 
0 
0 
0 
0 
0 
0 
0 
0 
0 
0 
0 
0 
0 
0 
0 
0 
0 
0 
0 
0 
0 
0 
0 
0 
0 
0 
0 
0 
0 
0 
0 
0 
0 
0 
0 
0 
0 
0 
0 
0 
0 
0 
0 
0 
0 
0 
0 
0 
0 
0 
0 
0 
0 
0 
0 
0 
0 
0 
0 
0 
0 
0 
0 
0 
0 
0 
0 
0 
0 
0 
0 
0 
0 
0 
0 
0 
0 
0 
0 
0 
0 
0 
0 
0 
0 
0 
0 
0 
0 
0 
0 
0 
0 
0 
0 
0 
0 
0 
0 
0 
0 
0 
0 
0 
0 
0 
0 
0 
0 
0 
0 
0 
0 
0 
0 
0 
0 
0 
0 
0 
0 
0 
0 
0 
0 
0 
0 
0 
0 
0 
0 
0 
0 
0 
0 
0 
0 
0 
0 
0 
0 
0 
0 
0 
0 
0 
0 
0 
0 
0 
0 
0 
0 
0 
0 
0 
0 
0 
0 
0 
0 
0 
0 
