30
54
-4
-168
-296
-212
34
153
-10
-208
-103
193
216
-130
-328
-2
396
193
-384
-414
263
618
-24
-743
-313
731
702
-537
-1063
146
1302
412
-1322
-1062
1052
1685
-466
-2133
-399
2259
1437
-1944
-2472
1134
3286
131
-3650
-1712
3375
3365
-2353
-4775
606
5601
1696
-5539
-4236
4387
6574
-2115
-8212
-1103
8672
4875
-7595
-8612
4827
11606
-496
-13124
-4958
12539
10798
-9454
-16043
3822
19590
3977
-20361
-13109
17469
22312
-10379
-29974
-953
34257
16000
-33203
-33608
24780
51968
-6712
-68459
-24240
78845
74667
-73225
-162949
9136
348974
524287
