0 
0 
0 
0 
0 
0 
0 
0 
0 
0 
0 
0 
0 
0 
0 
0 
0 
0 
0 
0 
0 
0 
0 
0 
0 
0 
0 
0 
0 
0 
0 
0 
0 
0 
0 
0 
0 
0 
0 
0 
0 
0 
0 
0 
0 
0 
0 
0 
0 
0 
0 
0 
0 
0 
0 
0 
0 
0 
0 
0 
0 
0 
0 
0 
0 
0 
0 
0 
0 
0 
0 
0 
0 
0 
0 
0 
0 
0 
0 
0 
0 
0 
0 
0 
0 
0 
0 
0 
0 
0 
0 
0 
0 
0 
0 
0 
0 
0 
0 
0 
0 
0 
0 
0 
0 
0 
0 
0 
0 
0 
0 
0 
0 
0 
0 
0 
0 
0 
0 
0 
0 
0 
0 
0 
0 
0 
0 
0 
0 
0 
0 
0 
0 
0 
0 
0 
0 
0 
0 
0 
0 
0 
0 
0 
0 
0 
0 
0 
0 
0 
0 
0 
0 
0 
0 
0 
0 
0 
0 
0 
0 
0 
0 
0 
0 
0 
0 
0 
0 
0 
0 
0 
0 
0 
0 
0 
0 
0 
0 
0 
0 
0 
0 
0 
0 
0 
0 
0 
0 
0 
0 
0 
0 
0 
0 
0 
0 
0 
0 
0 
0 
2 
3 
0 
0 
0 
0 
0 
0 
0 
0 
0 
0 
0 
0 
0 
0 
0 
0 
0 
0 
0 
0 
0 
0 
0 
0 
0 
0 
0 
0 
0 
0 
0 
0 
0 
0 
0 
0 
0 
0 
0 
0 
0 
0 
0 
0 
0 
0 
0 
0 
0 
0 
0 
0 
0 
0 
0 
0 
0 
0 
0 
0 
0 
0 
0 
0 
0 
0 
0 
0 
0 
0 
0 
0 
0 
0 
0 
0 
0 
0 
0 
0 
0 
0 
0 
0 
0 
0 
0 
0 
0 
0 
0 
0 
0 
0 
0 
0 
0 
0 
0 
0 
0 
0 
0 
0 
0 
0 
0 
0 
0 
0 
0 
0 
0 
0 
0 
0 
0 
0 
0 
0 
0 
0 
0 
0 
0 
0 
0 
0 
0 
0 
0 
0 
0 
0 
0 
0 
0 
0 
0 
0 
0 
0 
0 
0 
0 
0 
0 
0 
0 
0 
0 
0 
0 
0 
0 
0 
0 
0 
0 
0 
0 
0 
0 
0 
0 
0 
0 
0 
0 
0 
0 
0 
0 
0 
0 
0 
0 
0 
0 
0 
0 
0 
0 
0 
0 
0 
0 
0 
0 
0 
0 
0 
0 
0 
0 
0 
0 
0 
0 
0 
-70135510 
-67443478 
80385960 
11183452 
55466004 
-59199571 
123029375 
-3609929 
-5675230 
-89004824 
86704967 
-85698021 
98007824 
97545971 
119808719 
90797269 
-25859213 
-18795081 
59595743 
92982487 
-74549338 
105972703 
13981145 
100083275 
83047967 
-77188130 
47647879 
74953234 
-28583230 
101114154 
-39283816 
108122789 
-88318399 
80731642 
-84510799 
-81007010 
19805674 
13998683 
126413187 
-40189887 
-87835382 
-122698669 
-75367305 
48617987 
4993481 
-94859370 
-63268602 
-82558345 
-15238249 
-21831290 
32769798 
-67559419 
10822167 
-111064658 
36443694 
-60531593 
15893164 
23142408 
-8523256 
94162492 
-106441643 
-110827504 
-4245067 
56989143 
38825091 
-33285643 
-12325513 
77271793 
16292579 
25211310 
-133081900 
-103275999 
-56073261 
53574294 
90647606 
-125328252 
21085634 
51464639 
67158297 
-41582720 
125142604 
79958101 
67916648 
87560312 
62995727 
59757272 
123443731 
-18846288 
4263961 
-7862636 
-77092617 
42328438 
60104649 
56222638 
41079539 
7820512 
-94012438 
-55955337 
-111948079 
-47258777 
22243642 
-81683183 
-70340588 
-24522195 
-96116050 
22107450 
45242269 
-90824057 
112497906 
-107037688 
71995705 
-75217998 
-126333821 
31910667 
-11449014 
44636211 
-76295641 
15327074 
-95891266 
41964159 
111682981 
-113271812 
-15106975 
37011382 
85351263 
-20385299 
-92083848 
-122841771 
-64561415 
-67596611 
-77397066 
25727756 
-43108566 
-18374405 
-117864234 
109476166 
109314747 
80706476 
29386746 
-18183031 
-122660584 
27860579 
101329862 
96470117 
23116589 
94418226 
-103279196 
-109792635 
-59502214 
-131640714 
-40468632 
59133507 
108803953 
85724205 
73627006 
-38360691 
53826122 
28155609 
-40385093 
121004604 
57377273 
119683463 
133103324 
-73515441 
34383354 
-60500568 
448923 
28867651 
115746843 
5442625 
-62286826 
43590179 
59782521 
10926459 
31160351 
-5554104 
67701161 
-44472972 
-132936500 
-75459403 
111331233 
-119520419 
-77177375 
-40021988 
49694854 
118717404 
2679164 
-68433583 
82693691 
-125922732 
-38229958 
103567804 
128599590 
-68978424 
52358604 
59646725 
-123913265 
-87979227 
-124380380 
114270038 
-119144463 
0 
0 
0 
0 
0 
0 
0 
0 
0 
0 
0 
0 
0 
0 
0 
0 
0 
0 
0 
0 
0 
0 
0 
0 
0 
0 
0 
0 
0 
0 
0 
0 
0 
0 
0 
0 
0 
0 
0 
0 
0 
0 
0 
0 
0 
0 
0 
0 
0 
0 
0 
0 
0 
0 
0 
0 
0 
0 
0 
0 
0 
0 
0 
0 
0 
0 
0 
0 
0 
0 
0 
0 
0 
0 
0 
0 
0 
0 
0 
0 
0 
0 
0 
0 
0 
0 
0 
0 
0 
0 
0 
0 
0 
0 
0 
0 
0 
0 
0 
0 
0 
0 
0 
0 
0 
0 
0 
0 
0 
0 
0 
0 
0 
0 
0 
0 
0 
0 
0 
0 
0 
0 
0 
0 
0 
0 
0 
0 
0 
0 
0 
0 
0 
0 
0 
0 
0 
0 
0 
0 
0 
0 
0 
0 
0 
0 
0 
0 
0 
0 
0 
0 
0 
0 
0 
0 
0 
0 
0 
0 
0 
0 
0 
0 
0 
0 
0 
0 
0 
0 
0 
0 
0 
0 
0 
0 
0 
0 
0 
0 
0 
0 
0 
0 
0 
0 
0 
0 
0 
0 
0 
0 
0 
0 
0 
0 
0 
0 
0 
0 
0 
